000000101100110101001001101111001001011101111011010111011010
001011001010010110000110110100100101100100001001011000010011
010110100110110011000100010010011110011011001001110011010000
011001011100101101100101110101000010110110110111000010110111
001011100110001011000101010011001011000110010111011000101010
000101111000100110000101100111010010000001011101000101110010
101101111000000000000000000000010001111101011001111111111000
110000110000001100011010011111000011001011010110101001011000
010001011100000111001100011111000010000000011101110001101110
101111011011111000000110111000011001110100011111001011001111
001011001101111110010010010110011011100000110001001101000111
101110010110011011111100101100101100011111010111011110000010
110111110101100111111111100011000011000000110001101001111100
001100001101001010110101100000100110011101110000110011100101
100101100011111010111011110000010110110001010110101011100100
100101100010011110011001100110001111100001000000001110111000
110111010111101100011011100001111101101010010110011011010011
101110000110011100110101101101010010111011101110111010011010
011000010000011001100111001001001110011111001000101100111111
000100100111010001111100101100111100011111011011101111111111
000101110010011010111101000111001110001000011101111100000011
011100000110001001110010010010110011010101011011111001001000
010110000111000101100110010111101101110111111101000001000001
010011100100110111000001100010011101010100010011011010101100
000011001110101100011111111110001010110111110000001111011000
011010010101101010011111111010111000101101110000101100110100
111111111011011111100101110000011100000000101101110000111010
110100110011110011111111001010011010011010011010110000111111
101100100011101010111111101110000110011100111000101001000111
001011001111011111110001011100011011011110111101111110010101
101101110111000001100010011010001111011100101100110111101101
001101111000110000010001011001010110011011111100011010101000
110011110010101000111001110000011100111110011011010001101001
001101111001011000110111110000001111011000010001001010110100
011111110001011110111001001111001011010001011001100101100111
011100001100111001101011011011010011011001101110111010110000
100010111100001111011100001100111011110001011100010100101000
111011111000000110101100100111101111001001010001111011010100
001100100111101010110101101111111001111001000101100101011001
101111110101100111111111100011000011000000110001101001111100
001101000101001010101001001011110011010011010011001001001011
001101000011111111100011101111000110110100110011110011100000
111000010001011110000111100110000110100001011110111111000111
010001011111011000011100101101000011010110011011111101010111
110000001110000100010011110001110011100101000101001110011011
011011100110001111101011010111010001001011110010110101010100
000101001111101100101100110110101110011110110001011001101111
110101110000111110101001011111110011010110111110000001101011
00111111111100011000011000000110001101001111100000110111
2936 bits
