001010000011010101000101000111101000011000000000000000000011
000011010111000000101101101001011000001011011010010110000010
110110100101100000101110001001111001000011100111110000000001
101100111110111110000000110011001111111111101110011001101111
111000000010111101110101011010111011011110111010100100011110
011011101001111110100010111111111001100110111001111101000101
111000000101111101110101111110101111110010101110101011011010
101011000000010001111111100111111100100101001101011000010110
100101101010000100100001110111100110101011011000010101100011
010000000000001001100010000110110001000000100101000000010010
111001000011100001010011100101000001100000010000000110010110
110000001001111000000110010100001000111011001101001000010111
010010111110110111111111010110111001010101111000010000011001
000011000100011001011011000100110000110101011110000001100101
000010001110110011010010000101100100101111101101111111110101
101111010101011110000100000110010000110100111111111001000011
011101001111100101111110111001011001001010111010010011000000
111000111001000011001010111110010101001101111111100001010001
111011000000000011000111111011001001111010100010101100000110
100001111000001110010010111101101011101111011010111011001011
110111011101101011111101101110111111000101101110000010000000
010001011111100110000111111110111001101111010111011101111001
001110101111110000100100011011011100111101111111010100100111
111100100010111111100000100000010111101110101101101100101011
011000111111000000111100110100111011110110110010111110101101
010001010100111011111011101100010011000010110001101001111110
011100011101010101001110101011100010101101010101011011110011
111101010000101011010001000111111110110111111001010100011110
011111000111111001111001111101010001010010000101101101011110
010110000110101000111011001100111011001111110000101100111010
010011001110100011001010110000110010100011011101111011011100
111011001001101001001010010110100001101001011011101100100011
101101011101000111111100110100110100000110110001110001001011
101100000110011111110101111101100001111110110101000100011100
111111100101010001101010110101010101111100101010101100110101
111111000111101100010100000101010001001111000011001101000000
111111000111111111001110010100001000110011010010111011010010
010100010001110001000001111010000000011001001011111111011110
111111001110110000001010101011011010101111010010101101000001
111100000101111101110111001110101100111011011011011001011000
111100101110110011001011001110111011001110110001101100110010
101110110010001010110011101100000000001010010101011110010001
101100101001111001101111111010100001001010110001111010100101
001110011011010000000100001100111100010111010000111101101110
011000011110010011110100100100001100111000010000010001000111
001011010100101001111010111011011011101101100100000011010111
100001111010101000011100111101000011010111110111000100011101
011001111010101000011111000100011110111000111001111110010100
101000010000111000010100111010101011100111101101011111110110
001101000110011111100100011110010100111111111010011000111100
110001111011010100000101111010110101101010101100011111111111
101111111011010100111000010111111010101100100110011111101000
010111101111110111101111101110101111101111100011111101111111
110011101110111111111110101100000111101111101111001011110001
111111110111101111000011111011111110101010001111100101111110
111001101111101011101110100101011101111101000000101111001010
000110111100010100001111110101101100110100000011001100110011
100100101001010100110011010000000100111111111001010110111111
111001011001010110010000010010001101100000010110001101100011
101110000010100100111001011000011110010100110011010000000100
111111111001010110111111111001011001010110010000010010001101
100000010110001101100011101110000010100100111001011000011110
001001001111111101111111101000011011111101111110001111111101
111111101000011011111101111110010010111111011111100010111011
111101111111100011010110110001101000001010101010101010001010
100011011001000101011111000101011111011110111101011110111011
000101101000101111100100000100100100110001010001010110101010
101011010001010111101001010110101010110110000000000101101101
111110000101101100001111111111010101010110000011000100001000
110000000000010111101100000110111001111101110001110011101100
111100010000010010101110110000111100000000010010111100011001
011100111011111100011110110000110110010110111011110100010101
011100000100000011101111001101101010111001011010111100001100
100101000101010111001101000010001100111110110111010100100000
001001011011011101111100001101001010111010011000000100001111
001010001100101010001111010110011010101101100011110101111101
110110111111110000101111110100000100110110101100011000101101
010100000010111001011100010001011110110001111010001011011000
111011111111011111001101100110010101001100111001110010110110
000100011110110111101100000001111100000110110111111101101100
101110110110010111110100111101110100010101111000110100001101
110000111101101101110101111100001110101001011110010001110001
011101010010111101011111100010111101000111110110000101000000
111101001110000010011001101001100011010111001100001010111000
100011011101110000101101101100001111111110001100110010001110
011011010110000001101100110000110100011100011001111100111001
001101110011111100111101110110010101101110111100001100010110
110000110110101011010101111100010100011011011111111100000100
111111010110011110111100110110011101110100001010111101011011
111000011000001100111110110001110100011000001101011111011000
100001100101110100111000101100011011010001011100010101110000
110010111101010100001011111110000010011100010100111101111000
011000111010111010111011010001010111110011010010110101101011
001000110100010110010110010001110111011010011010111100010111
010001010110001111110100010110101101100101000011110111110111
010110111111010101110010001000110110111111011000101101001110
101100011110000110111010001110010001011010110100101100011101
011000001010111100001100001101100101101011010101110110010101
001111000011011100011101100000111100111111000011111101000101
111101010001101100111101010111001001100110000000111101111111
011001000001011101110101111100111011010001111100001101011011
001100100100000100100110111101111100001001001101000000011111
000111011111111001011001101111001100001110010110101101011001
101101001011101110001100101011000110010110101000111000111101
110000000011000111110001111000010111000111011111100001111011
011110001110011100010000101011110000101111100111110111110111
101011101000110000000101001011010101101011110100000011110010
101011111101010001110111110101101101000011000011111011111001
011101110101010000111011100011011011010001001011101011110111
111001111111100001100111000101111000100100001000000000100000
000100001010101000101010010011101111100100000000000101010101
010000001100000001000111111110011110110010010100101011010110
000101101001011010100001001000011101111000101010110110000101
011000110100000000000010011000100001101100010000001001000100
000100101110010000111000010100111001010000011001000011010000
011001011011000000100011010101111000000110010100001000111011
001101001000010110010010111110110111111111010110111001010101
111000010000011001000011010000011001011011000000100011010101
111000000110010100001000111011001101001000010110010010111110
110111111111010110111001010101111000010000011001000011010011
111111100100001101110100111110010111111011100101100100101011
101001000100000111100011100100001100101011111001010100110111
111110000101000111101100000000110001111110110011011110101000
101011000001101000011110000011100100101111011010111011110110
101110110010111101110111011010111011011011111111110001011011
100000100000000100010111111001100001111111101110011011110101
010111011110010011111011111100001011000110110001001111011111
110101001001111111001100100011111000001000000111111011101011
011001001011011000111111000110101100110100111011110110110010
111110101101010001010100111011111011101100010011000010110001
101001111111001110010111010101010011101010111000101011010101
010110111100111111010100001111010100010001111111101101111110
010101000111100111110001111110011110011111010100010100100001
011011010110110111101111011101110010101111010011000011000111
010011000000000111101110110001100110001101100101101111111101
000100011101001110011001011010110011101100100001011101000011
011111010100010110010001100001011111110011100101010111011100
111001011101010011001011010111010100110011110101010111011001
011110001100011111100100111001110010010111000010010111010001
001100100010011011010110101000011010001101110101100011100100
010110010000101100100110110001000100110110011110001000110111
010011001100000000100111110110011001000011011100100001010001
000000000010011111011000111001010111011011101011111101101011
111011110110111001101100011011110110110111011011110100111100
101111010110110111010111000101110100100011100101101110011011
100000010101110100100000100111010010100011111001100100000011
100101010100001000011101100101000000010000011000110011000101
100000000101011110010110000000010101111001010000011111001000
000000010101111101110010110110110101110010101010111110001001
010110111111011111111111101100011100010110001110011000000000
001111000111011011100001001110010001010011010111000000011111
110001100101000110100010000001000010011110010101110010101111
111111101101000001011011111110111100110111011011101111101100
101111110001111110110111110110101001111101000010011110110011
111101111010101110111111101011110101000001011100110101110110
101011101110001001011011100111011011001001010010001110111001
001011110100110010010100111100101111011011111000010110110101
011011001100110110011100000111111111111100101110010111111100
011111011011011101111010100011111101001000011010001111001110
101100010011111000011111110100100001000110011100011010100011
110111100110110101100101100101111001101101001000011001010000
101001011001000101110001010010001100100101011101001101101001
100100010010111010110000010011010011010111101000011010011101
011010011001101001000001010001100100100010101101001000111011
011101101110110110110000010111100100101001111010111101000000
000001000100101101001001011011101011000011111101011000000110
000001111001111101101101001001011101001101001010101010101100
101011011000010110010110010000101001110111011001000000000000
000101000011101110000100000100001111101010110000111010101011
101001110101010011101100011101101110010011010000011100000000
011011100111001010000101010000101010110100111000110001000010
100011100000000001010000111010111001111010010000111110101010
100000001010000000000011000001001010101000000011100000111010
000001001000100010001100010010000001101011010011101100011001
001010011110000011011010100000111001001100010101100111101000
111011100101110000111011001110100010101111001011100011111000
100100101101111011000110111111111100111100110010010000100001
101001110000100111010100010101011010100111100011101101011111
111001001101101101100000110000100111110111000100011111100111
011011100111110101101111100100001010100011100101100000100000
011110010111100101111101000001010101111100010111011001000001
001101001111101101100001101010100011111101111011111000111110
010011101000101000001011001011011111010100000101101001000100
100001001001001011110111100100101000001001001010110111011000
011100101100101101111000101101101101100101011000111100110100
110011100111011011110011110010101101001000110101101011100010
111001011011111101001011111110000111000011100001010111000100
101001100011000011111111111000110010110011011000000000000101
110100101001011011111010111101001111101111110000111100101100
111001000001001000010010110101111101100100110010100011100110
111000110100101000110101100101100110110110001000001011101110
101001101100111000110111100011111100100001000011011010101011
101100110001101101001100010010011011100001111000010011100010
111011000100000010010011001000110111010111000111110001001011
011011101011011111110101110011100001100111010100001000001001
111101110111100110001001011001000001101010100000000100110110
111000111000101101000000000111001011101011110101010111000000
000110111011100001010000111010100111110110110010110001000011
111001001011110000110010000111111001101111001101100111111000
011011000011101011100101100011101010101001101010111001111001
011100101011101101010011000101100000000001100101000001010110
000000001101111101100000000000010101000000100001010101110001
100111010000000011001011000000100110111000100110111010111110
101010101110000010001010001011000001011000101010001110010101
001010001011001110111000110001011101000010011000100010101100
000011001000101010010000000000001000000110000000100101010100
101111110111011001100010101111111111000000000100110111100111
101100011100111010000100000001111000101000101000111000110001
100010100001111010001000000000001001010111001000111001110001
010111111010101111001110101110000000
12576 bits
