000001011001100101100010101110000101101000101100101001011010
011011100110101110010010110110001011110010101110110001011010
100101110001010111101010111100010110101100010110111010110111
101011000010010110011110110110101000010101011000110010111010
001011001000101110111101110101100100000000000000000000000010
110000000000100110011111011010100101111110000010011110000100
010101110011110010000011111000100101101001010111101001100111
110110101001011111100000100111111011010010110010111001111001
000001111100010010110100101011011100100110011111011010100101
111110000010011111010101100001111100100000111110110010001011
101010011011011110100110011111011010100101111110000010011111
010101100001111100100000111000001001100101110010001010001100
000101010101101110010011001111101101010010111111000001001111
001000011100110111100011111001000001110000100010111001000010
000011101001100111110110101001011111100000100111100100001110
011011110001111100100000111010010001011110110001110101101110
111001001100011110101110010011001111101101010010111111000001
001111010100110100101100110001111001000001110111001001011000
001110011101001100111110110101001011111100000100111101010011
010010110011000111100100000111110101010011001111111100000101
010101101110010011001111101101010010111111000001001111010100
001101100100100010110011110010000011100011001000011001111010
011001111101101010010111111000001001111110110010010001100001
011011110010000011111010001010100001110100100011010111011011
000111100011010110101110010111110001011001111011000001010010
001011001110000100010000010010110001111110111010111111011000
111100011010110101111000100111000001010010001011001110000100
010000010010110001111110111010110111011011000111111011000101
100011111010011100111011110110010010100100010110011111010010
001100011011111100111110010011110001001101001111100011000111
110110001111110110001011000111110100111001110111101100100101
001000101100111110100100011000110111111001011101100000100111
110011100000100101101111101101010011110010010001110101000110
010110110011111000001001111000011001011001001001110101111101
101010010111101011001111000001010011011101110010001111111001
111110000010011110000110110001010100110001100101110000011001
011001001001110101111100000110101100111010110011011010011111
001000001110100110001011111000100101000101010000101011100111
101011011111000001100101100100110001000010101111010010000101
010001011100001110101111001100011101001100010110111000001000
101001000101100111011000110111100101000111110001110101110000
010010110111101100100110011101011110010110111000001001011011
100101111100100011101110100100011111000001001111010111011100
001100101100111010101100010001111100011111101000110110001100
010011011101001000001111011111001101101000011101001100100010
110011000111100110000111001111010111010111011000001001011000
111111011000101100011111010111011111110100100010110011111011
001001100000111110101110111010100110101100001111011111100101
011011011110101000110101111010111011111101011011100100110001
111101100100110000011111010111000011011101010010010001110000
010101011110011011101001100011111000001001111110000010110100
110000011111001000001110011000101100011101010100011010111110
000010010110001111110110001011000111110101110111111101001000
101100111110110010011000001111101011101110101001101011000011
110111111001010110110111101010001101010111010101110111111010
110111001001100011111011001001100000111110101110000010100100
011011100000101010111100111110011000111110000010011111100000
101101001100000111110010000011100000011010101000101111001111
111010010001110000101001110000011011101011111001110111100011
000110010000101011110100110011111011010100101111101111011100
011010011000101101111100000110101000111101111011001111001011
100101001110111110010011111100000100111101110100101101101001
011111001000001111100000100111101011100101011000011011100000
110110001010100101100111110001010111110010000011101110100110
100111110001010111110101000110101110000001000101000100101011
111100000110101100111110000010100100010110001011110100100011
110110000110000010110101001110111110110001011000110111001010
011100110001110001110101110000010010110111001011111000101101
011101011100100110011111011010100101111110000010011110111100
011010011011110010000011110011101110110111011101001011011010
111100110000011111100000110011101110101101010001101011101010
010111110001100011100011101111000110100110001110101111010100
011010101110010100101111100011000110001111000000010001111100
011111110101000011010001100100110011011110100111011101100010
111110001011101010110001001001100001011111101100010110001111
101111100110001011110011101000111010111110010011110011000101
100011101010100011010111101011001011101100000110101100111000
001010011111010011101110110001110101110000110010110010010011
101011110100101111101011001111100000101000101111111101101011
001011110101100111011111000001101111100111001100111000110101
101011101100011011110011000110001110011110101110101011001100
101001001000001110101110001001011011100000010001111100011010
100011010110011011000110001100010000111000001111000010011100
010101010100111010111000010010001101100000111010101001111011
110010000011111011000011001101101111101010111000001101101001
000011000100111000100101111111000011011001000111110101011000
011110100100011111000001001111011100100000000011111011001101
111010011011010010111100011010110101110001001011010100111011
010001110101111100000100111101011101110000100111001001011010
011011101010000011000011001101001101010100010111100111100001
001111011110101000100010011101111000101111010010001011001111
100000110101100111101001100110101010001011000011011010011000
110001011111101100010110001111101101101011010001111000001001
011011111000001001101110010111011010100111001110100111011001
001000101100111110111000011111100100000111011101001100011010
100110001111010100011010111110110001010111001011010100100001
011100001011011111100101111100011000111110000010011111011111
001101111011111110111010101000001101110101100000110010101110
011100011010110101110000100010011000111011101010010011010111
100110000111001111011110101110110100111011110001101011111010
100101111110110001100011110010000011101111000110100110010111
110100000011000010110111011010100000110000110100100010110010
111010011101111100111010011000101111101101001010101011010101
100001010111110100101111110000010011110101000011010001100100
110001011111001000001111100000101000101111011111000101100111
101110111100011010011011101110101001011100111000011101001011
100101110010111011100001100101101000101011001101110110101001
110011100111101111101000100000010010111101000011000110011101
001000111100101100100101100010010001010011100100110001111011
101101010000011000011001110101111001110111110011111000001001
010001100101101110101101001011000111110110100101010101101010
110000101011110100100011111000001001111001101001101100000101
110011110111100101101101000101101111001000001110010111110001
100011000101111000110101101011101110101011000010111001111011
110111110011011010011111100100110111011000001001111001100010
110001110010001010001111101111011010011101101000111101010001
101011100001100110010000110111000111100000011010011011011111
010111101111100110001011000110001010101011111001000001110000
100110010011000100010100011110101110111000010011111100001101
111110001011011100100100011110101011010010110010010111110101
111111101100001010010111100011110101110001101010100010110000
111111001001111011000101110101011000011110001101001111100011
110000110110100101111100011101011110110110010110001111010010
110100001110010110110010101000110010111011001001111110000010
011110001110111101101101010001110110101010111100111111000001
101010001111010100001111011110111110011011011011011101111000
010010111110101100010010011000010111101111000111001110110001
101111001010001111100011101011111000001011010011101111011000
001101110101010000111101111001000001111100000100111110111100
010100101111011111110011000010111110010000011111000001001111
101111100110111101111111011101010100000111100001001101001100
111010101110101110000000110101010001011110011110111000101010
101111000001010011111010011101110110001110101111001100011111
000001001111110110000110010111000111110100101111110010011111
011011010110011000010110010111101010000110100011001001100110
111101001110111110000011010100010111000010010110111010101000
101110000101101111001000001111100000100111101010001010000101
110110101111010100011010111110001100100110100011000110011101
101001011100111000111010111110110010011000001111001011111101
111011110010011101001001000101100101110010110110110011001110
000011000001010101011111101010011101101000111000101000111001
110111101101101001111111010010001011001110000111010000011001
011011110110110011000001011110111101010001101011101010000110
011000110100100100010110011101001100101110110111100011010001
011011111000001001111101100110111010011010101010001011110011
111001000001110001001011011110111100010110010001011100010010
101000111000011101001011100100101100101111010100010011110011
000110000101101100101001001000001110101011100001001011001010
010111000000111000010001010101001101000101011111101100100110
000011110101110111101111000111100011101111011011010100000111
110101011110001010000101111100011011010011000110001011111010
010111101010011000110000110001011110100100010110010111010101
110111101001110111110000011111100100111100011010011111000111
100010100010111100011010100011010010111110111111011111001111
001000000000011100010100010111111001001100010110011011100111
111001001011010001111001110111110011111011001001100000110111
000001101001000101111001011001011111010100011010111000101000
101111000010100111010011110111000010110111011010000011101011
110100111001000111110001111000010001101111101011011101010011
110001001111000110101101011110001001110011101111111100000100
101110001110101011101101010011101101000111010010001111100000
100111101101010010010001111100100111111010100111100011001100
010011101110110111110010011111010111110100100011011000111101
110000110110100110111100101010101010010011000111100100000111
101101100110000111111101011011101101100001010010111100011110
000111010010101010011101011111011001001100000101001000111000
101000101111011111001000011101101111010110011110101111101001
000101110010101000101111001111100100000111010110011011010011
110000001000000011000111101111001011010111001010100011111101
111100011110111011110101001101101001011111110100110011101000
101111011100100011111110010111001111011100110001001110111101
100000111111000001101011001110110100110011100001110101110100
100011111000001001111110110100110011101001011111001000001011
100000001101010100010111100111110101000110101111000100101101
101101010011110111110000010010110001111110110001011000111110
110001101001110110010010001011001111100011000100101011111101
100001001100011111000001101011001110101110111000000000000101
100010110101110110110101001011110000111101111100111110010011
111101000110101100000111110100111001100011010110100111101111
011011010011001111111001110101110000100111101111100000100111
111011010011001110101011011010100011100000101011000011111100
100111110111110011011010011011101101010011101101000111101010
001101011100001000111101011010110110100011101001000110010011
110000101001101001101101001011111100100111110110110100111111
100111110101111011110010110110010100100100011110110110010111
110101000001001110001111000000110101010110100111011010010110
011111111011101101100100110000011111010111010110101011110111
111111110101000110101111010111011111111000010000000001111010
010001110100110011111000010110011001000000100111000111101001
000111000101000101110010010110011110111111010011001110100010
111101110010001111111001011100111101011100011000100111011110
110000011111100000110101100111010010001111100000100111101101
001110111101100000111110011101111100000110011101110101001010
111110010000011101011001101101001111110001000111001110001011
001011111001000001111100000100111100010011010011111001111010
111001110101010001101001011111010110100111111001010101111001
100011001111100100111100001110100110010001011111100000100101
100011111101100010110001111010100010010111011000010110001110
101110000001101001101101111110000010011111101100011010110000
010010110101110110000011010110011101111100010110011110111110
101010011110111011011011111010001111101111101001101100010111
100001000101010000111010110011000010110001110101111101100100
110000011110110110111010111000100101111111101101010001100011
110101100011011100000000000011101010111010100000101001110111
110011100001001111011100001101001011000101111101010001101011
101101001100101011100001110101110100100011100001001111011100
001110011101110111011000110011110111110110000101001011110001
111110000010011110000010100110101101001011011111010001101011
000001101110000110101101011110100111001100011010110100111101
110101001110011110100000111010011011001111100100111100001000
111100010100010111111001101111011010000100110010001110010111
110010000011111000001001111011000101111101001011101101111100
010010011000101110000010110111110011111000001101011001111101
101001100111010101101101010001111010100011010111110000011010
110011100000101001101011010010110111110000011001110111101100
000111111000001001011110111110110100101100111111111111011110
001011110011010010101001000101100011100111101011101101101001
011001111111111010101000111000110001100011100111101111010100
011010111100010011111001100000111100010011010011011010111110
000010011011011111010010111111000001001011110111110110001100
011001111010000010100111011111001111101100100110000011011101
011011101110000000000011100011101011111000110001101011010111
111110000010011110110101011000001001011011100000100101101010
010110110111011110111100011111010010111111001001111001100011
000010110110010100100100011110101000011110111010111011101010
000110100101111010010011000101110110000011010110011111000001
001011110111110110001011000111110101101101010011111110011111
101101010010111111001001111000010001111101011000001001010001
011100010010111110100111011110101000110101111100011010100100
110010010110100111011101011011101011100100100011100110001011
000111010101000110101111100000100101100011111101101010010111
101011011111010011010111100101110011110111101010001111010101
101100111011110001100111100100000111100101101101000101101111
010100011010111000011011010011100001101111110001001001100010
111011001001111011111100110111010111000100000000111101111011
011101111011110001111100010101100010010011000101001110111000
010100110100101110001001000101100111111110101010011001001000
101100111000010110111011010110001110101001100100001010111100
001001111011110100110101101001110101011101011010011000111101
010001101011100010100101100000111011010100111101110110100100
001000001000101100100001010111111001001100101111111111000011
011101010101111001111010010001111100000100111110111110100000
110100110010100111011101001100010100101110000001011100010111
110001011001111011110000100101100000111001110000010101011010
100011100100001010111111011000101100011110000111101110000100
111001001011110111001111011110111110101101111100010010011000
001110101111000100111001111100100111110110010011111001110111
110011110010000010111011001001110110100011111011001001100000
110011101111100111011000110110110010111110010010001011001111
100000100101000110111000001101110110100001001100110111011000
111111001001111110111000011000110010111001011100001011000101
100101111110110101001100010001100111011101010010101101110000
001001011011101010011011111101110110010011000111101111100000
100111100010100101100000111011010100111101011011010100011101
001000111110000010011111101010100110011111111111101101010010
111110101111011110100110001111011111000110101011010001010110
110110101000111010010001011101100000100111101110010010110000
011100111101010001101011100001000101001000101100111011000110
111110011011001000010001010011101011110101000110101111011110
001101001110011100011000101100001110101110000100111101110001
010001011110000000101110011101001110110101110110001101010110
100010101101101101010001111101100001100110110111100010011110
101110010010000110000110011101011101001000111000101000101111
101111000110100110101010111111000010110111100100000111110000
010011111011111010000011110010100100100010111010110010100111
001110101010001100011100111101110101000110011100111000101001
011011111100000101101001110111101100000111111000001001111000
100110101101011110101000110101110110100111010001111101011011
010100111101111100000100111110110110100100011101111101101010
010110111011011010100111100111010100100110101110000100111101
110101001011111000110001110110100100001000001000101100101111
101010001101011111000001001111101100110111101001101101011101
010001100111001111100000101100010011111101000110101101011110
101000110101111100000100110001011101011001001110011101010001
100111001111101000110101101011100010100101101010100101110000
001110000100111101111100000100111110011100000100101101110000
010011101110110111010010001111011111001100001010010111111010
110111001100010111100111110010000011111000001001101110000001
010010001110110111011000111110010000011100010100010111110101
011011011011101111000010011000100100110001111010000001100001
011011111011000010100101111000111111000001001111101101101001
000111011111011010100101111011010010000100000100011101011101
001000101110000011001101010111100111111000001101011001111011
011010101100100001000000001001011110011000110011100001110011
100001100011001010110000111111000001001111011101001011011010
111101101101001111010010110111100100000111011101001100011010
100110001111101101010010110111010110110101101000111111001001
111010111001010100011010111101010001101011111010001011100100
011111000101101111001100011111001101110110100000011010101101
111101100011000100110001110000100111101111001100000111100010
100101100000111011010100111101011011010100010111011011000011
001111110100010101000011100101000111000111010111110000010011
110100011100111011011101011100011001001001110111010111110111
101100011010110011011101100011110100100011101010100101100000
111001111001000001111010011100111011100010100010110111001100
011100010010001101110011110000110110010001011001100000101100
101111010010001110111010011000110101001100011110110010101001
011100101111000001001110111101100000111001110000101010110011
000111000101011111101100100110000011111100000100101000110101
110110011011101101000011111110010111100101111101010001101011
111000001001111101101101001111110000101011100011110111100100
000111110000010011110111010101101101110000001000110001110101
110000100111011011110001101000101100000101101110101010100101
011110100100011110101011011001100010110010111011000001001101
101111011101001101011010001110101111101100100110000011110110
100111011110001101001011111001000001110101000110011100111101
010001101011100001010100111001110111110000010100001011111000
101011110101100001000000110000110011101011110010000000000101
110110100100101010110110011000110101111011110110100101010101
001010111100000011010011011011111100000100111110000011011110
111111101011111001000001111000100100001001110001111011101001
011011010010111110101100111101111100111011101101100101110110
100110101011011001001000101100011010011001101101010111110110
111011101010111111100111000010010110010111111011000110001100
111010010001100100111101011100111101100010001110001010101011
111100100111101010011010011010111100011110000010010110101110
101111100110001100011010100000101010100011010111101100100110
011101001011111010100011010111110000010011111011011001000010
111000000100011000111010111100110001111100000100111110110111
011101010111111100111000010010110010111110101000110101111100
000100110111010110111011101010111111100111000010010110010111
100000010001100011101011110011000111110000010011111011011001
000010111101010001101011110001001000010100111010011110111110
000011001110111101100000111001111010100001111011110010000011
111000001001010100110111010011011111011111101110110011000110
001011110010101111101101110111101111000111110011101111100111
100100000111110000010011111011111001101101101101100110001111
101101010011110111111010010001111100000100111110110101001101
001011100111100100000111110000010011011011011101100000100111
100011010100010110010110110101000111001011111000101101110000
101101110101011110111101010001101011100101111100010110111110
110100101100101001111110000011010100011111011101010010111000
101010101111110110101001011110100100010111010111110011000010
111001010100011001110110001011111101011011101000101010011000
100100110001111000100111011011101011100011001001000101100010
010001011001111101110000111110111010011000101100111011010011
101100101111100100000111101101010001011011110010111001110101
010000011001110111010110111010111101100100101101010010001010
011100101111100010011101101110001101010001011000100100010110
011110101110001100111011101010010000100110001101001111111001
011011110011000111010110101100110111011011010101001111011111
011000011001111000110101101011100001000100110001011101100101
001111111001100011110011000111110011011100101011101010100111
101111000100111011011100001011011101101000010010001011001110
000110011001000011011100011110100100011111000001001111000110
101000110101111010110011110000011101101011001010110000111100
001001111010111011000001001111110101001011111101100011000111
101010001101011110001001110110111000010110111011010000100100
010110011100001110101011010000110001011100011100010111110101
100111110000010011111101010011001011011110010000011111011000
101011100101101010010000101110000101101110001101001110011101
011101100100111010101001111011111001010011111110100100010110
011111000001001111011100100000000011111001000001111010100011
110101100011010011011110100100111011101011111011011101110110
110100010110001011011110101000110101111100100110110110010110
011010011101101111001000001111010101110110110011000111001011
110001001110101110000110100011100000000101100010110111110110
000110011110001101011010111011010010000100000100011101011110
101110000010100110101101001011001011110000101001011110111100
100000111010101000111111011100001100110001011110011011101011
101010011100111011111000001001010100111111000001010010001011
000101111101010001101011110101111100000110011101110101101010
001101011101110010001111111001111110000010011011011111011111
010101101001111110010011110000111010010101011110100100010111
010101000110101111011110111010010101001111110111000011100110
001111100000100111111010001101001101111001011101101011101111
000110100110111100110000011111100000110011101110101101010001
101011101010010111110001100011100011101111000110100110001110
101011101010100011010111010100101111100011000110001111000000
010001111100011111110011000011111001000110100110000011101011
100001001111011111000001001101101111110110000101000111000111
111000001001111110110100110011101010110110101000111101010001
101011111000001001101110000001010011010110100101101111101101
001011001111111001110101111101111000000100100111010001110101
111100000110010101001111110011011010011111001000001111100000
100111101110101001101011000011110111111001010110110010111110
101000110101111100000110010101001101110100111000001001011011
111001101101001111100100000111110000010011110000110111010100
100100011110101000110101111100000100111100000101001000110111
000001010101111001010111111000110100111010111110110010011000
001111010111000100011011100110001001110111101100000110111010
101000110101111011111010011001100100001110101111100000100101
000110111110100100011111001001000001111011001001011000001110
001011111101100100110000011111010111000101001011000001111000
110101000110101111111100000111011101011111101001001101011111
000001001101110011110001101001101111001100000111111000001100
111011101011010100011010111010100101111100011000111000111011
110001101001100011101011110101000110101110101001011111000110
001100011110000000100011111000111110111110011000110101101111
011111100111110000010010100011010111010110001100011010110010
000010101010100101011111010100011010111101101011110011001001
010110100101111100100000111010110110110100111001110111101111
011000110101100110111011000101011100000100111110111101100011
010110011011101100010101111100100000111110000010100010110111
010111100010110100110000100101111011100011111010101101100110
001011001111100000100111101100010101110010100111010011000101
100111110000010011110110100110101101001011111100000110101100
111011101010011110111000010001000001001011000111111000001001
10110110111010111010111010111000
23912 bits
