001000000111111000000000100000111010001111111111000001000011
110111000000110000000000111111111111111100010000000101000111
100100111100111110011010011111000011111111011000001110111111
110011111110000000000000000000000000000000011000000111111111
111111111101010101001111110010101000011110101110101111011110
001110000011010101001100001001001100001100001001110001100101
100011001011000110101101100011010110110001101101100011011011
000110110110001101101100011011011000110110110001101101100011
011011000110111111000110111111000110001010011100011000101001
110001100101001100001100100100011000010001100010010100110000
011010101010001010000111101110110101111011110010101110010111
110001111100011111000111110001111100011111000111110001111100
011111000111110001111100011111100001000111111101111101001111
110111011011100011111111111111110000
816 bits
